# name split V1..V8 zone_speeds(Z1=W1-W3 Z2=W4-W6 Z3=W7-W8) -- generated by scenarios.py
S00 train 0,0,0,0,0,0,0,0 0 0 0
S01 train 0.5,0.5,0.5,0,0,0,0,0 0.5 0 0
S02 train 0,0,0,0.5,0.5,0.5,0,0 0 0.5 0
S03 train 0,0,0,0,0,0,0.5,0.5 0 0 0.5
S04 train 1,1,1,0,0,0,0,0 1 0 0
S05 train 0,0,0,1,1,1,0,0 0 1 0
S06 train 0,0,0,0,0,0,1,1 0 0 1
S07 train 2,2,2,0,0,0,0,0 2 0 0
S08 train 0,0,0,2,2,2,0,0 0 2 0
S09 train 0,0,0,0,0,0,2,2 0 0 2
S10 train 0.5,0.5,0.5,0.5,0.5,0.5,0.5,0.5 0.5 0.5 0.5
S11 train 1,1,1,1,1,1,1,1 1 1 1
S12 train 2,2,2,2,2,2,2,2 2 2 2
S13 train 0.7,0.7,0.7,0,0,0,0,0 0.7 0 0
S14 test 1.85,1.85,1.85,1.5,1.5,1.5,1.9,1.9 1.85 1.5 1.9
S15 train 0.2,0.2,0.2,0.25,0.25,0.25,0.5,0.5 0.2 0.25 0.5
S16 test 1.15,1.15,1.15,0,0,0,0.25,0.25 1.15 0 0.25
S17 train 0,0,0,1.35,1.35,1.35,0.9,0.9 0 1.35 0.9
S18 train 1.95,1.95,1.95,1.35,1.35,1.35,0.9,0.9 1.95 1.35 0.9
S19 train 0,0,0,1.15,1.15,1.15,1.05,1.05 0 1.15 1.05
S20 train 1.9,1.9,1.9,1.25,1.25,1.25,1.25,1.25 1.9 1.25 1.25
S21 train 0.9,0.9,0.9,0.6,0.6,0.6,0.35,0.35 0.9 0.6 0.35
S22 test 1.6,1.6,1.6,0,0,0,0.3,0.3 1.6 0 0.3
S23 train 0.45,0.45,0.45,1.65,1.65,1.65,0,0 0.45 1.65 0
S24 train 0,0,0,0.55,0.55,0.55,0,0 0 0.55 0
S25 train 0.75,0.75,0.75,0.55,0.55,0.55,0.85,0.85 0.75 0.55 0.85
S26 train 0,0,0,1.85,1.85,1.85,1.9,1.9 0 1.85 1.9
S27 train 0.95,0.95,0.95,2,2,2,1.05,1.05 0.95 2 1.05
S28 train 1.1,1.1,1.1,1.6,1.6,1.6,1.5,1.5 1.1 1.6 1.5
S29 train 1.9,1.9,1.9,0,0,0,1.85,1.85 1.9 0 1.85
S30 train 0.25,0.25,0.25,1.95,1.95,1.95,0.45,0.45 0.25 1.95 0.45
S31 test 1.8,1.8,1.8,1.05,1.05,1.05,0,0 1.8 1.05 0
S32 train 1.85,1.85,1.85,0,0,0,1,1 1.85 0 1
S33 train 0.25,0.25,0.25,1.3,1.3,1.3,0,0 0.25 1.3 0
S34 test 0.25,0.25,0.25,1.1,1.1,1.1,0.3,0.3 0.25 1.1 0.3
S35 test 0.3,0.3,0.3,0.95,0.95,0.95,1.2,1.2 0.3 0.95 1.2
S36 train 0,0,0,0,0,0,0.6,0.6 0 0 0.6
S37 test 0,0,0,0,0,0,1.2,1.2 0 0 1.2
S38 train 1.2,1.2,1.2,0,0,0,1.65,1.65 1.2 0 1.65
S39 test 1.95,1.95,1.95,1.2,1.2,1.2,1.75,1.75 1.95 1.2 1.75
